#TREATMENT-PLAN-DESCRIPTION
#PlanName
PlanPencil
#NumberOfFractions
1
##FractionID
1
##NumberOfFields
3
###FieldsID
1
###FieldsID
2
###FieldsID
3
#TotalMetersetWeightOfAllFields
4215.611452

#FIELD-DESCRIPTION
###FieldID
1
###FinalCumulativeMeterSetWeight
1499.312690
###GantryAngle
0.000000
###PatientSupportAngle
0.000000
###IsocenterPosition
149.000000	 151.000000	 49.500000
###RangeShifterID
RS_Block
###RangeShifterType
binary
###NumberOfControlPoints
9

#SPOTS-DESCRIPTION
####ControlPointIndex
1
####SpotTunnedID
1
####CumulativeMetersetWeight
24.636086
####Energy (MeV)
141.598247
####RangeShifterSetting
IN
####IsocenterToRangeShifterDistance
300.000000
####RangeShifterWaterEquivalentThickness
74.100000
####NbOfScannedSpots
8
####X Y Weight
-7.500000 -4.330127 3.501936
-10.000000 0.000000 3.921136
-7.500000 4.330127 3.247191
-2.500000 -4.330127 2.576470
-5.000000 0.000000 2.241110
-2.500000 4.330127 2.960200
-5.000000 8.660254 4.104939
0.000000 0.000000 2.083104
####ControlPointIndex
2
####SpotTunnedID
1
####CumulativeMetersetWeight
495.112310
####Energy (MeV)
138.743590
####RangeShifterSetting
IN
####IsocenterToRangeShifterDistance
300.000000
####RangeShifterWaterEquivalentThickness
74.100000
####NbOfScannedSpots
30
####X Y Weight
-12.500000 -4.330127 14.067031
-15.000000 0.000000 13.041174
-12.500000 4.330127 24.636970
-7.500000 -12.990381 38.946536
-10.000000 -8.660254 25.718545
-7.500000 -4.330127 6.751651
-10.000000 0.000000 6.450121
-7.500000 4.330127 4.585223
-10.000000 8.660254 37.743694
-7.500000 12.990381 37.871516
-2.500000 -12.990381 57.857713
-5.000000 -8.660254 10.396231
-2.500000 -4.330127 3.965775
-5.000000 0.000000 3.034965
-2.500000 4.330127 3.641303
-5.000000 8.660254 8.006933
-2.500000 12.990381 87.853396
2.500000 -12.990381 37.707641
0.000000 -8.660254 4.450845
2.500000 -4.330127 1.986165
0.000000 0.000000 1.959945
2.500000 4.330127 2.943195
0.000000 8.660254 5.171896
2.500000 12.990381 32.135891
5.000000 -8.660254 8.088871
7.500000 -4.330127 3.031688
5.000000 0.000000 1.946835
7.500000 4.330127 2.815373
5.000000 8.660254 4.260750
10.000000 0.000000 4.044435
####ControlPointIndex
3
####SpotTunnedID
1
####CumulativeMetersetWeight
297.781214
####Energy (MeV)
135.847103
####RangeShifterSetting
IN
####IsocenterToRangeShifterDistance
300.000000
####RangeShifterWaterEquivalentThickness
74.100000
####NbOfScannedSpots
44
####X Y Weight
-17.500000 -4.330127 5.275979
-17.500000 4.330127 4.216118
-12.500000 -12.990381 4.922692
-15.000000 -8.660254 3.466215
-12.500000 -4.330127 4.112798
-15.000000 0.000000 4.959354
-12.500000 4.330127 7.822314
-15.000000 8.660254 5.142664
-12.500000 12.990381 4.056138
-7.500000 -12.990381 20.860616
-10.000000 -8.660254 7.592344
-7.500000 -4.330127 3.999479
-10.000000 0.000000 3.176253
-7.500000 4.330127 2.543002
-10.000000 8.660254 8.932170
-7.500000 12.990381 6.005884
-2.500000 -12.990381 15.844603
-5.000000 -8.660254 4.982684
-2.500000 -4.330127 2.832964
-5.000000 0.000000 2.939617
-2.500000 4.330127 2.582997
-5.000000 8.660254 4.416091
-2.500000 12.990381 11.261866
-5.000000 17.320508 5.899232
2.500000 -12.990381 24.383491
0.000000 -8.660254 4.569405
2.500000 -4.330127 3.056269
0.000000 0.000000 2.059732
2.500000 4.330127 3.172920
0.000000 8.660254 4.049473
2.500000 12.990381 16.494518
0.000000 17.320508 18.877541
7.500000 -12.990381 17.594375
5.000000 -8.660254 3.642859
7.500000 -4.330127 4.002812
5.000000 0.000000 2.299700
7.500000 4.330127 2.899622
5.000000 8.660254 3.489545
7.500000 12.990381 6.072542
10.000000 -8.660254 8.492227
12.500000 -4.330127 6.455826
10.000000 0.000000 3.539539
12.500000 4.330127 4.749381
10.000000 8.660254 10.035360
####ControlPointIndex
4
####SpotTunnedID
1
####CumulativeMetersetWeight
165.276403
####Energy (MeV)
132.906427
####RangeShifterSetting
IN
####IsocenterToRangeShifterDistance
300.000000
####RangeShifterWaterEquivalentThickness
74.100000
####NbOfScannedSpots
53
####X Y Weight
-17.500000 -4.330127 2.859512
-17.500000 4.330127 4.255626
-12.500000 -12.990381 2.913338
-15.000000 -8.660254 3.387680
-12.500000 -4.330127 5.507083
-15.000000 0.000000 3.629898
-12.500000 4.330127 3.909120
-15.000000 8.660254 4.036957
-12.500000 12.990381 3.428050
-7.500000 -12.990381 4.440653
-10.000000 -8.660254 2.839327
-7.500000 -4.330127 3.280028
-10.000000 0.000000 3.138734
-7.500000 4.330127 2.186685
-10.000000 8.660254 4.645865
-7.500000 12.990381 3.660175
-10.000000 17.320508 2.718218
-5.000000 -17.320508 4.918360
-2.500000 -12.990381 2.893153
-5.000000 -8.660254 2.169865
-2.500000 -4.330127 2.042028
-5.000000 0.000000 1.914191
-2.500000 4.330127 1.994930
-5.000000 8.660254 2.018479
-2.500000 12.990381 4.312816
-5.000000 17.320508 5.591186
0.000000 -17.320508 3.808197
2.500000 -12.990381 2.815778
0.000000 -8.660254 2.139587
2.500000 -4.330127 1.830087
0.000000 0.000000 1.685430
2.500000 4.330127 2.146316
0.000000 8.660254 2.099218
2.500000 12.990381 3.872115
0.000000 17.320508 5.510447
5.000000 -17.320508 5.268230
7.500000 -12.990381 3.670267
5.000000 -8.660254 2.008386
7.500000 -4.330127 2.287609
5.000000 0.000000 1.312011
7.500000 4.330127 1.971381
5.000000 8.660254 2.375077
7.500000 12.990381 2.684577
5.000000 17.320508 3.539066
10.000000 -8.660254 3.283392
12.500000 -4.330127 3.387680
10.000000 0.000000 2.761952
12.500000 4.330127 2.075669
10.000000 8.660254 2.052120
12.500000 12.990381 3.525610
15.000000 -8.660254 2.765316
15.000000 0.000000 2.489457
15.000000 8.660254 3.219474
####ControlPointIndex
5
####SpotTunnedID
1
####CumulativeMetersetWeight
208.921930
####Energy (MeV)
129.918958
####RangeShifterSetting
IN
####IsocenterToRangeShifterDistance
300.000000
####RangeShifterWaterEquivalentThickness
74.100000
####NbOfScannedSpots
56
####X Y Weight
-17.500000 -4.330127 8.467153
-17.500000 4.330127 3.674745
-12.500000 -12.990381 7.613664
-15.000000 -8.660254 4.734832
-12.500000 -4.330127 9.127591
-15.000000 0.000000 7.322394
-12.500000 4.330127 10.157197
-15.000000 8.660254 5.927007
-12.500000 12.990381 4.900788
-7.500000 -12.990381 9.635621
-10.000000 -8.660254 10.228321
-7.500000 -4.330127 2.238715
-10.000000 0.000000 5.141256
-7.500000 4.330127 3.061723
-10.000000 8.660254 7.810102
-7.500000 12.990381 4.518073
-5.000000 -17.320508 4.172613
-2.500000 -12.990381 4.091329
-5.000000 -8.660254 3.102365
-2.500000 -4.330127 2.716263
-5.000000 0.000000 2.418219
-2.500000 4.330127 2.391124
-5.000000 8.660254 4.680642
-2.500000 12.990381 3.827153
-5.000000 17.320508 4.819504
0.000000 -17.320508 3.004146
2.500000 -12.990381 2.421606
0.000000 -8.660254 2.499504
2.500000 -4.330127 2.286131
0.000000 0.000000 1.940672
2.500000 4.330127 1.839066
0.000000 8.660254 3.678131
2.500000 12.990381 3.342832
0.000000 17.320508 5.449460
5.000000 -17.320508 2.563854
7.500000 -12.990381 2.072759
5.000000 -8.660254 2.394511
7.500000 -4.330127 1.496993
5.000000 0.000000 1.334423
7.500000 4.330127 1.737460
5.000000 8.660254 1.503766
7.500000 12.990381 2.919474
5.000000 17.320508 3.166715
12.500000 -12.990381 2.005022
10.000000 -8.660254 2.181139
12.500000 -4.330127 2.394511
10.000000 0.000000 1.696818
12.500000 4.330127 1.710365
10.000000 8.660254 2.536759
12.500000 12.990381 1.693431
10.000000 17.320508 2.814482
15.000000 -8.660254 1.967766
17.500000 -4.330127 1.690044
15.000000 0.000000 2.065985
17.500000 4.330127 1.676496
15.000000 8.660254 2.059212
####ControlPointIndex
6
####SpotTunnedID
1
####CumulativeMetersetWeight
220.585975
####Energy (MeV)
126.881837
####RangeShifterSetting
IN
####IsocenterToRangeShifterDistance
300.000000
####RangeShifterWaterEquivalentThickness
74.100000
####NbOfScannedSpots
54
####X Y Weight
-17.500000 4.330127 1.446659
-15.000000 -8.660254 1.443190
-12.500000 -4.330127 6.483945
-15.000000 0.000000 2.688634
-12.500000 4.330127 7.091056
-15.000000 8.660254 1.939286
-12.500000 12.990381 1.644404
-7.500000 -12.990381 2.574151
-10.000000 -8.660254 5.588890
-7.500000 -4.330127 19.923648
-10.000000 0.000000 16.135276
-7.500000 4.330127 9.550723
-10.000000 8.660254 6.303547
-7.500000 12.990381 3.857757
-2.500000 -12.990381 6.626183
-5.000000 -8.660254 6.653937
-2.500000 -4.330127 6.875966
-5.000000 0.000000 8.093657
-2.500000 4.330127 7.160441
-5.000000 8.660254 6.279262
-2.500000 12.990381 6.858620
-5.000000 17.320508 1.772764
0.000000 -17.320508 2.230699
2.500000 -12.990381 3.465736
0.000000 -8.660254 8.003458
2.500000 -4.330127 2.747611
0.000000 0.000000 4.062440
2.500000 4.330127 3.021678
0.000000 8.660254 4.978310
2.500000 12.990381 2.910664
0.000000 17.320508 2.046831
5.000000 -17.320508 1.842148
7.500000 -12.990381 2.574151
5.000000 -8.660254 3.833472
7.500000 -4.330127 3.007801
5.000000 0.000000 2.643535
7.500000 4.330127 2.369467
5.000000 8.660254 3.517775
7.500000 12.990381 2.647004
5.000000 17.320508 1.762356
12.500000 -12.990381 1.450128
10.000000 -8.660254 1.890717
12.500000 -4.330127 2.341714
10.000000 0.000000 1.963570
12.500000 4.330127 2.421506
10.000000 8.660254 1.921940
12.500000 12.990381 1.779703
10.000000 17.320508 1.425844
15.000000 -8.660254 2.067647
17.500000 -4.330127 1.672157
15.000000 0.000000 2.334775
17.500000 4.330127 1.703380
15.000000 8.660254 1.751949
20.000000 0.000000 1.203814
####ControlPointIndex
7
####SpotTunnedID
1
####CumulativeMetersetWeight
66.544803
####Energy (MeV)
123.791896
####RangeShifterSetting
IN
####IsocenterToRangeShifterDistance
300.000000
####RangeShifterWaterEquivalentThickness
74.100000
####NbOfScannedSpots
42
####X Y Weight
-12.500000 -4.330127 1.007502
-12.500000 4.330127 1.206164
-10.000000 -8.660254 0.901076
-7.500000 -4.330127 1.450945
-10.000000 0.000000 1.362256
-7.500000 4.330127 1.358709
-10.000000 8.660254 1.042978
-7.500000 12.990381 1.046525
-2.500000 -12.990381 1.018145
-5.000000 -8.660254 1.323233
-2.500000 -4.330127 1.901483
-5.000000 0.000000 1.589299
-2.500000 4.330127 1.802152
-5.000000 8.660254 1.312591
-2.500000 12.990381 1.096191
2.500000 -12.990381 1.131666
0.000000 -8.660254 1.454492
2.500000 -4.330127 2.330735
0.000000 0.000000 2.838034
2.500000 4.330127 2.930270
0.000000 8.660254 1.933411
2.500000 12.990381 1.294853
7.500000 -12.990381 1.323233
5.000000 -8.660254 1.429660
7.500000 -4.330127 2.745798
5.000000 0.000000 3.930677
7.500000 4.330127 2.128526
5.000000 8.660254 2.146263
7.500000 12.990381 1.433207
12.500000 -12.990381 1.035882
10.000000 -8.660254 1.603489
12.500000 -4.330127 1.557371
10.000000 0.000000 1.830532
12.500000 4.330127 1.777319
10.000000 8.660254 1.823437
12.500000 12.990381 1.000407
15.000000 -8.660254 1.191974
17.500000 -4.330127 1.294853
15.000000 0.000000 1.638965
17.500000 4.330127 1.089096
15.000000 8.660254 1.124571
20.000000 0.000000 1.106833
####ControlPointIndex
8
####SpotTunnedID
1
####CumulativeMetersetWeight
19.572166
####Energy (MeV)
120.645615
####RangeShifterSetting
IN
####IsocenterToRangeShifterDistance
300.000000
####RangeShifterWaterEquivalentThickness
74.100000
####NbOfScannedSpots
23
####X Y Weight
-7.500000 4.330127 0.864010
-2.500000 -4.330127 0.780862
-5.000000 0.000000 0.889315
-2.500000 4.330127 0.817013
0.000000 -8.660254 0.806168
2.500000 -4.330127 0.860394
0.000000 0.000000 0.842319
2.500000 4.330127 0.918236
0.000000 8.660254 0.842319
5.000000 -8.660254 0.947157
7.500000 -4.330127 0.878470
5.000000 0.000000 0.889315
7.500000 4.330127 0.853164
5.000000 8.660254 0.889315
10.000000 -8.660254 0.853164
12.500000 -4.330127 0.784477
10.000000 0.000000 0.751941
12.500000 4.330127 0.867625
10.000000 8.660254 0.838704
15.000000 -8.660254 0.831474
15.000000 0.000000 0.827859
17.500000 4.330127 0.907391
15.000000 8.660254 0.831474
####ControlPointIndex
9
####SpotTunnedID
1
####CumulativeMetersetWeight
0.881803
####Energy (MeV)
117.439057
####RangeShifterSetting
IN
####IsocenterToRangeShifterDistance
300.000000
####RangeShifterWaterEquivalentThickness
74.100000
####NbOfScannedSpots
1
####X Y Weight
5.000000 0.000000 0.881803

#FIELD-DESCRIPTION
###FieldID
2
###FinalCumulativeMeterSetWeight
1223.396623
###GantryAngle
45.000000
###PatientSupportAngle
0.000000
###IsocenterPosition
149.000000	 151.000000	 49.500000
###RangeShifterID
RS_Block
###RangeShifterType
binary
###NumberOfControlPoints
9

#SPOTS-DESCRIPTION
####ControlPointIndex
1
####SpotTunnedID
1
####CumulativeMetersetWeight
6.760818
####Energy (MeV)
139.267588
####RangeShifterSetting
IN
####IsocenterToRangeShifterDistance
300.000000
####RangeShifterWaterEquivalentThickness
74.100000
####NbOfScannedSpots
3
####X Y Weight
0.000000 0.000000 1.738403
2.500000 4.330127 2.669690
5.000000 0.000000 2.352726
####ControlPointIndex
2
####SpotTunnedID
1
####CumulativeMetersetWeight
121.992139
####Energy (MeV)
136.378904
####RangeShifterSetting
IN
####IsocenterToRangeShifterDistance
300.000000
####RangeShifterWaterEquivalentThickness
74.100000
####NbOfScannedSpots
22
####X Y Weight
-7.500000 -4.330127 2.877361
-10.000000 0.000000 6.000594
-7.500000 4.330127 4.292784
-5.000000 -8.660254 4.116686
-2.500000 -4.330127 2.744458
-5.000000 0.000000 1.966972
-2.500000 4.330127 2.418844
-5.000000 8.660254 5.007140
-2.500000 12.990381 16.526552
2.500000 -12.990381 17.287425
0.000000 -8.660254 4.043590
2.500000 -4.330127 2.329134
0.000000 0.000000 2.116489
2.500000 4.330127 2.266005
0.000000 8.660254 3.794395
2.500000 12.990381 18.948719
5.000000 -8.660254 5.063624
7.500000 -4.330127 5.419141
5.000000 0.000000 2.598264
7.500000 4.330127 4.249590
5.000000 8.660254 4.734688
10.000000 0.000000 3.189684
####ControlPointIndex
3
####SpotTunnedID
1
####CumulativeMetersetWeight
350.634009
####Energy (MeV)
133.446475
####RangeShifterSetting
IN
####IsocenterToRangeShifterDistance
300.000000
####RangeShifterWaterEquivalentThickness
74.100000
####NbOfScannedSpots
39
####X Y Weight
-12.500000 -4.330127 14.782108
-15.000000 0.000000 15.659155
-12.500000 4.330127 17.016729
-7.500000 -12.990381 20.323298
-10.000000 -8.660254 8.289943
-7.500000 -4.330127 4.852322
-10.000000 0.000000 4.865763
-7.500000 4.330127 5.695765
-10.000000 8.660254 14.553605
-7.500000 12.990381 17.376285
-2.500000 -12.990381 14.194049
-5.000000 -8.660254 3.978635
-2.500000 -4.330127 2.258144
-5.000000 0.000000 3.125110
-2.500000 4.330127 3.407378
-5.000000 8.660254 5.500866
-2.500000 12.990381 10.067559
2.500000 -12.990381 7.483463
0.000000 -8.660254 4.297867
2.500000 -4.330127 2.731951
0.000000 0.000000 2.752113
2.500000 4.330127 2.856284
0.000000 8.660254 3.686286
2.500000 12.990381 6.764352
0.000000 17.320508 19.577304
7.500000 -12.990381 16.280816
5.000000 -8.660254 4.727989
7.500000 -4.330127 3.864384
5.000000 0.000000 2.668105
7.500000 4.330127 4.210498
5.000000 8.660254 3.971914
7.500000 12.990381 18.424709
10.000000 -8.660254 11.425134
12.500000 -4.330127 9.429096
10.000000 0.000000 5.349651
12.500000 4.330127 16.764704
10.000000 8.660254 13.017932
15.000000 0.000000 15.568426
15.000000 8.660254 8.834317
####ControlPointIndex
4
####SpotTunnedID
1
####CumulativeMetersetWeight
268.522746
####Energy (MeV)
130.467749
####RangeShifterSetting
IN
####IsocenterToRangeShifterDistance
300.000000
####RangeShifterWaterEquivalentThickness
74.100000
####NbOfScannedSpots
55
####X Y Weight
-17.500000 -4.330127 5.893758
-17.500000 4.330127 6.380678
-12.500000 -12.990381 8.656352
-15.000000 -8.660254 5.805842
-12.500000 -4.330127 6.113549
-15.000000 0.000000 5.815987
-12.500000 4.330127 5.626629
-15.000000 8.660254 6.803352
-12.500000 12.990381 9.778973
-7.500000 -12.990381 6.394204
-10.000000 -8.660254 11.138290
-7.500000 -4.330127 2.793026
-10.000000 0.000000 3.695857
-7.500000 4.330127 3.050012
-10.000000 8.660254 4.564873
-7.500000 12.990381 6.242041
-5.000000 -17.320508 3.820968
-2.500000 -12.990381 4.345083
-5.000000 -8.660254 3.371243
-2.500000 -4.330127 2.796407
-5.000000 0.000000 2.170851
-2.500000 4.330127 2.096460
-5.000000 8.660254 3.185267
-2.500000 12.990381 5.359499
-5.000000 17.320508 4.033995
0.000000 -17.320508 5.788935
2.500000 -12.990381 3.269802
0.000000 -8.660254 3.540313
2.500000 -4.330127 3.181886
0.000000 0.000000 1.771847
2.500000 4.330127 2.211427
0.000000 8.660254 2.005163
2.500000 12.990381 5.210718
0.000000 17.320508 6.384060
5.000000 -17.320508 6.323195
7.500000 -12.990381 8.953914
5.000000 -8.660254 3.117639
7.500000 -4.330127 2.437980
5.000000 0.000000 2.228334
7.500000 4.330127 2.343302
5.000000 8.660254 4.125293
7.500000 12.990381 7.036667
5.000000 17.320508 3.357718
12.500000 -12.990381 5.318923
10.000000 -8.660254 5.859945
12.500000 -4.330127 4.226734
10.000000 0.000000 4.169251
12.500000 4.330127 3.621466
10.000000 8.660254 7.418764
12.500000 12.990381 4.886105
15.000000 -8.660254 4.476957
17.500000 -4.330127 6.407729
15.000000 0.000000 7.560782
17.500000 4.330127 5.454178
15.000000 8.660254 5.900521
####ControlPointIndex
5
####SpotTunnedID
1
####CumulativeMetersetWeight
192.112823
####Energy (MeV)
127.439916
####RangeShifterSetting
IN
####IsocenterToRangeShifterDistance
300.000000
####RangeShifterWaterEquivalentThickness
74.100000
####NbOfScannedSpots
57
####X Y Weight
-17.500000 -4.330127 4.655690
-17.500000 4.330127 3.363978
-12.500000 -12.990381 2.828642
-15.000000 -8.660254 2.248408
-12.500000 -4.330127 3.298356
-15.000000 0.000000 4.738580
-12.500000 4.330127 3.740439
-15.000000 8.660254 5.197933
-12.500000 12.990381 4.141077
-7.500000 -12.990381 4.137623
-10.000000 -8.660254 3.761162
-7.500000 -4.330127 2.604147
-10.000000 0.000000 2.348568
-7.500000 4.330127 2.355475
-10.000000 8.660254 4.738580
-7.500000 12.990381 5.674554
-5.000000 -17.320508 3.063499
-2.500000 -12.990381 3.598834
-5.000000 -8.660254 2.414189
-2.500000 -4.330127 2.276038
-5.000000 0.000000 1.516208
-2.500000 4.330127 2.213870
-5.000000 8.660254 2.417643
-2.500000 12.990381 3.439961
-5.000000 17.320508 3.754254
0.000000 -17.320508 3.968388
2.500000 -12.990381 4.617698
0.000000 -8.660254 2.334752
2.500000 -4.330127 2.155156
0.000000 0.000000 2.065358
2.500000 4.330127 2.421097
0.000000 8.660254 2.711214
2.500000 12.990381 3.723170
0.000000 17.320508 6.051015
5.000000 -17.320508 3.367431
7.500000 -12.990381 3.743893
5.000000 -8.660254 2.859726
7.500000 -4.330127 1.982467
5.000000 0.000000 2.241500
7.500000 4.330127 2.200055
5.000000 8.660254 2.490172
7.500000 12.990381 5.481142
5.000000 17.320508 3.540120
12.500000 -12.990381 4.679866
10.000000 -8.660254 3.139482
12.500000 -4.330127 3.654095
10.000000 0.000000 2.293307
12.500000 4.330127 2.959886
10.000000 8.660254 4.220514
12.500000 12.990381 4.963076
10.000000 17.320508 3.281087
15.000000 -8.660254 3.971842
17.500000 -4.330127 2.213870
15.000000 0.000000 3.933851
17.500000 4.330127 3.878590
15.000000 8.660254 3.840599
20.000000 0.000000 2.600693
####ControlPointIndex
6
####SpotTunnedID
1
####CumulativeMetersetWeight
129.792415
####Energy (MeV)
124.359866
####RangeShifterSetting
IN
####IsocenterToRangeShifterDistance
300.000000
####RangeShifterWaterEquivalentThickness
74.100000
####NbOfScannedSpots
57
####X Y Weight
-17.500000 -4.330127 2.312292
-17.500000 4.330127 1.905696
-12.500000 -12.990381 1.817306
-15.000000 -8.660254 2.333506
-12.500000 -4.330127 2.750708
-15.000000 0.000000 3.132555
-12.500000 4.330127 3.652290
-15.000000 8.660254 2.199152
-12.500000 12.990381 2.089548
-7.500000 -12.990381 2.895668
-10.000000 -8.660254 3.104270
-7.500000 -4.330127 2.697674
-10.000000 0.000000 3.475509
-7.500000 4.330127 2.782529
-10.000000 8.660254 2.715352
-7.500000 12.990381 1.930446
-5.000000 -17.320508 1.902161
-2.500000 -12.990381 3.330549
-5.000000 -8.660254 2.344113
-2.500000 -4.330127 2.266329
-5.000000 0.000000 1.661739
-2.500000 4.330127 1.555670
-5.000000 8.660254 1.856198
-2.500000 12.990381 2.623426
-5.000000 17.320508 1.909232
0.000000 -17.320508 2.252187
2.500000 -12.990381 2.322899
0.000000 -8.660254 2.142582
2.500000 -4.330127 2.089548
0.000000 0.000000 1.686488
2.500000 4.330127 2.209759
0.000000 8.660254 2.040050
2.500000 12.990381 3.001737
0.000000 17.320508 1.605169
5.000000 -17.320508 2.018836
7.500000 -12.990381 2.284007
5.000000 -8.660254 2.206224
7.500000 -4.330127 1.987015
5.000000 0.000000 1.658203
7.500000 4.330127 2.064799
5.000000 8.660254 2.761315
7.500000 12.990381 2.464323
5.000000 17.320508 1.806699
12.500000 -12.990381 1.732451
10.000000 -8.660254 2.312292
12.500000 -4.330127 2.778993
10.000000 0.000000 1.962266
12.500000 4.330127 2.694138
10.000000 8.660254 2.835563
12.500000 12.990381 2.351184
10.000000 17.320508 1.311713
15.000000 -8.660254 1.594562
17.500000 -4.330127 1.697095
15.000000 0.000000 2.641104
17.500000 4.330127 1.799628
15.000000 8.660254 2.202688
20.000000 0.000000 2.032978
####ControlPointIndex
7
####SpotTunnedID
1
####CumulativeMetersetWeight
127.149795
####Energy (MeV)
121.224146
####RangeShifterSetting
IN
####IsocenterToRangeShifterDistance
300.000000
####RangeShifterWaterEquivalentThickness
74.100000
####NbOfScannedSpots
48
####X Y Weight
-17.500000 -4.330127 1.221243
-17.500000 4.330127 1.296895
-15.000000 -8.660254 1.188821
-12.500000 -4.330127 1.667952
-15.000000 0.000000 1.397765
-12.500000 4.330127 1.808449
-15.000000 8.660254 1.134784
-12.500000 12.990381 1.397765
-7.500000 -12.990381 1.451802
-10.000000 -8.660254 1.451802
-7.500000 -4.330127 2.705468
-10.000000 0.000000 2.525344
-7.500000 4.330127 2.871183
-10.000000 8.660254 1.646337
-7.500000 12.990381 1.480622
-2.500000 -12.990381 1.808449
-5.000000 -8.660254 2.078635
-2.500000 -4.330127 7.273422
-5.000000 0.000000 5.047085
-2.500000 4.330127 4.214910
-5.000000 8.660254 2.691058
-2.500000 12.990381 1.581492
2.500000 -12.990381 1.487827
0.000000 -8.660254 3.829444
2.500000 -4.330127 5.940502
0.000000 0.000000 21.405981
2.500000 4.330127 6.484477
0.000000 8.660254 2.928822
2.500000 12.990381 1.729194
7.500000 -12.990381 1.152796
5.000000 -8.660254 3.224226
7.500000 -4.330127 2.201120
5.000000 0.000000 4.312177
7.500000 4.330127 2.341617
5.000000 8.660254 2.276772
7.500000 12.990381 1.332920
12.500000 -12.990381 1.131181
10.000000 -8.660254 1.426585
12.500000 -4.330127 1.747206
10.000000 0.000000 1.995778
12.500000 4.330127 1.394163
10.000000 8.660254 1.815654
12.500000 12.990381 1.120374
15.000000 -8.660254 1.087951
17.500000 -4.330127 1.069939
15.000000 0.000000 1.509442
17.500000 4.330127 0.994287
15.000000 8.660254 1.268076
####ControlPointIndex
8
####SpotTunnedID
1
####CumulativeMetersetWeight
25.508908
####Energy (MeV)
118.028902
####RangeShifterSetting
IN
####IsocenterToRangeShifterDistance
300.000000
####RangeShifterWaterEquivalentThickness
74.100000
####NbOfScannedSpots
30
####X Y Weight
-12.500000 4.330127 0.814899
-10.000000 -8.660254 0.892332
-7.500000 -4.330127 0.848085
-10.000000 0.000000 0.822273
-7.500000 4.330127 0.741152
-10.000000 8.660254 0.844397
-2.500000 -12.990381 0.888645
-5.000000 -8.660254 0.814899
-2.500000 -4.330127 0.873896
-5.000000 0.000000 0.899707
-2.500000 4.330127 0.873896
-5.000000 8.660254 0.903394
-2.500000 12.990381 0.755901
0.000000 -8.660254 0.818586
2.500000 -4.330127 0.851772
0.000000 0.000000 0.851772
2.500000 4.330127 0.955017
0.000000 8.660254 0.811211
2.500000 12.990381 0.873896
5.000000 -8.660254 0.785400
7.500000 -4.330127 0.781713
5.000000 0.000000 0.929206
7.500000 4.330127 0.884958
5.000000 8.660254 0.877583
10.000000 -8.660254 0.833335
12.500000 -4.330127 0.888645
10.000000 0.000000 0.870208
12.500000 4.330127 0.818586
10.000000 8.660254 0.914456
15.000000 0.000000 0.789087
####ControlPointIndex
9
####SpotTunnedID
1
####CumulativeMetersetWeight
0.922969
####Energy (MeV)
114.769811
####RangeShifterSetting
IN
####IsocenterToRangeShifterDistance
300.000000
####RangeShifterWaterEquivalentThickness
74.100000
####NbOfScannedSpots
1
####X Y Weight
5.000000 0.000000 0.922969

#FIELD-DESCRIPTION
###FieldID
3
###FinalCumulativeMeterSetWeight
1492.902139
###GantryAngle
90.000000
###PatientSupportAngle
0.000000
###IsocenterPosition
149.000000	 151.000000	 49.500000
###RangeShifterID
RS_Block
###RangeShifterType
binary
###NumberOfControlPoints
9

#SPOTS-DESCRIPTION
####ControlPointIndex
1
####SpotTunnedID
1
####CumulativeMetersetWeight
56.469077
####Energy (MeV)
141.599639
####RangeShifterSetting
IN
####IsocenterToRangeShifterDistance
300.000000
####RangeShifterWaterEquivalentThickness
74.100000
####NbOfScannedSpots
11
####X Y Weight
2.500000 -4.330127 1.928307
0.000000 0.000000 2.089536
2.500000 4.330127 2.563552
0.000000 8.660254 5.330253
5.000000 -8.660254 7.984093
7.500000 -4.330127 3.982373
5.000000 0.000000 2.634493
7.500000 4.330127 5.278659
5.000000 8.660254 6.545924
10.000000 0.000000 7.874457
12.500000 4.330127 10.257431
####ControlPointIndex
2
####SpotTunnedID
1
####CumulativeMetersetWeight
523.543657
####Energy (MeV)
138.745003
####RangeShifterSetting
IN
####IsocenterToRangeShifterDistance
300.000000
####RangeShifterWaterEquivalentThickness
74.100000
####NbOfScannedSpots
33
####X Y Weight
-7.500000 -4.330127 4.676955
-10.000000 0.000000 3.202092
-7.500000 4.330127 2.720303
-2.500000 -12.990381 79.603282
-5.000000 -8.660254 8.993388
-2.500000 -4.330127 2.133635
-5.000000 0.000000 2.323729
-2.500000 4.330127 2.753078
-5.000000 8.660254 2.743246
-2.500000 12.990381 67.538902
2.500000 -12.990381 62.308053
0.000000 -8.660254 6.499230
2.500000 -4.330127 2.077918
0.000000 0.000000 2.058254
2.500000 4.330127 2.700638
0.000000 8.660254 4.227941
2.500000 12.990381 21.837808
7.500000 -12.990381 35.042749
5.000000 -8.660254 8.685305
7.500000 -4.330127 4.309878
5.000000 0.000000 2.435163
7.500000 4.330127 6.751596
5.000000 8.660254 7.656179
7.500000 12.990381 34.439694
10.000000 -8.660254 34.351202
12.500000 -4.330127 15.463121
10.000000 0.000000 4.821164
12.500000 4.330127 10.435476
10.000000 8.660254 25.865823
12.500000 12.990381 4.385260
15.000000 -8.660254 7.040014
15.000000 0.000000 29.785681
15.000000 8.660254 13.676898
####ControlPointIndex
3
####SpotTunnedID
1
####CumulativeMetersetWeight
245.415981
####Energy (MeV)
135.848537
####RangeShifterSetting
IN
####IsocenterToRangeShifterDistance
300.000000
####RangeShifterWaterEquivalentThickness
74.100000
####NbOfScannedSpots
46
####X Y Weight
-12.500000 -4.330127 4.176088
-12.500000 4.330127 4.096099
-7.500000 -12.990381 9.415362
-10.000000 -8.660254 13.471466
-7.500000 -4.330127 3.952785
-10.000000 0.000000 3.549508
-7.500000 4.330127 3.666158
-10.000000 8.660254 8.035553
-7.500000 12.990381 8.282185
-2.500000 -12.990381 10.265244
-5.000000 -8.660254 3.082906
-2.500000 -4.330127 2.729622
-5.000000 0.000000 2.363006
-2.500000 4.330127 2.179698
-5.000000 8.660254 5.412583
-2.500000 12.990381 7.295655
0.000000 -17.320508 11.358426
2.500000 -12.990381 4.512708
0.000000 -8.660254 3.912791
2.500000 -4.330127 2.546314
0.000000 0.000000 1.616443
2.500000 4.330127 2.496321
0.000000 8.660254 4.286073
2.500000 12.990381 8.365507
0.000000 17.320508 10.255245
5.000000 -17.320508 6.849051
7.500000 -12.990381 12.634915
5.000000 -8.660254 4.346064
7.500000 -4.330127 2.233024
5.000000 0.000000 2.949591
7.500000 4.330127 2.416332
5.000000 8.660254 6.319124
7.500000 12.990381 4.932650
5.000000 17.320508 5.219277
12.500000 -12.990381 6.622415
10.000000 -8.660254 4.276074
12.500000 -4.330127 5.669214
10.000000 0.000000 4.046106
12.500000 4.330127 4.059437
10.000000 8.660254 5.509236
12.500000 12.990381 5.685878
15.000000 -8.660254 4.599362
17.500000 -4.330127 3.629497
15.000000 0.000000 2.569644
17.500000 4.330127 4.216082
15.000000 8.660254 5.309264
####ControlPointIndex
4
####SpotTunnedID
1
####CumulativeMetersetWeight
171.526438
####Energy (MeV)
132.907879
####RangeShifterSetting
IN
####IsocenterToRangeShifterDistance
300.000000
####RangeShifterWaterEquivalentThickness
74.100000
####NbOfScannedSpots
54
####X Y Weight
-12.500000 -12.990381 3.919201
-12.500000 -4.330127 2.856139
-15.000000 0.000000 2.132853
-12.500000 4.330127 2.486085
-15.000000 8.660254 3.155546
-12.500000 12.990381 2.923421
-7.500000 -12.990381 2.724938
-10.000000 -8.660254 2.748487
-7.500000 -4.330127 2.055478
-10.000000 0.000000 2.637471
-7.500000 4.330127 2.035293
-10.000000 8.660254 3.858647
-7.500000 12.990381 2.627379
-5.000000 -17.320508 2.856139
-2.500000 -12.990381 3.327116
-5.000000 -8.660254 2.089119
-2.500000 -4.330127 1.742615
-5.000000 0.000000 1.560952
-2.500000 4.330127 1.211084
-5.000000 8.660254 3.222828
-2.500000 12.990381 3.599609
-5.000000 17.320508 4.218608
0.000000 -17.320508 4.084043
2.500000 -12.990381 3.034437
0.000000 -8.660254 1.611414
2.500000 -4.330127 1.749343
0.000000 0.000000 1.971375
2.500000 4.330127 2.055478
0.000000 8.660254 2.381798
2.500000 12.990381 3.750995
0.000000 17.320508 5.140377
5.000000 -17.320508 7.986423
7.500000 -12.990381 4.147961
5.000000 -8.660254 2.603830
7.500000 -4.330127 2.240505
5.000000 0.000000 2.068934
7.500000 4.330127 2.200135
5.000000 8.660254 3.300203
7.500000 12.990381 4.652579
5.000000 17.320508 3.962935
12.500000 -12.990381 4.339716
10.000000 -8.660254 3.027709
12.500000 -4.330127 2.788856
10.000000 0.000000 2.624014
12.500000 4.330127 3.138725
10.000000 8.660254 5.298491
12.500000 12.990381 4.491102
10.000000 17.320508 2.741759
15.000000 -8.660254 6.270722
17.500000 -4.330127 3.461681
15.000000 0.000000 2.973883
17.500000 4.330127 4.023489
15.000000 8.660254 5.459968
20.000000 0.000000 1.954554
####ControlPointIndex
5
####SpotTunnedID
1
####CumulativeMetersetWeight
214.829526
####Energy (MeV)
129.920433
####RangeShifterSetting
IN
####IsocenterToRangeShifterDistance
300.000000
####RangeShifterWaterEquivalentThickness
74.100000
####NbOfScannedSpots
56
####X Y Weight
-17.500000 -4.330127 2.137085
-17.500000 4.330127 1.622288
-12.500000 -12.990381 1.662930
-15.000000 -8.660254 2.021933
-12.500000 -4.330127 2.448673
-15.000000 0.000000 2.499475
-12.500000 4.330127 2.160793
-15.000000 8.660254 2.296266
-12.500000 12.990381 2.502862
-7.500000 -12.990381 2.309813
-10.000000 -8.660254 2.225142
-7.500000 -4.330127 2.492701
-10.000000 0.000000 2.411417
-7.500000 4.330127 2.008386
-10.000000 8.660254 1.950810
-7.500000 12.990381 2.557051
-5.000000 -17.320508 2.702684
-2.500000 -12.990381 3.312312
-5.000000 -8.660254 2.194661
-2.500000 -4.330127 1.862752
-5.000000 0.000000 1.561325
-2.500000 4.330127 1.737440
-5.000000 8.660254 2.015159
-2.500000 12.990381 3.153132
-5.000000 17.320508 2.296266
0.000000 -17.320508 3.745825
2.500000 -12.990381 6.292716
0.000000 -8.660254 2.523183
2.500000 -4.330127 1.818724
0.000000 0.000000 1.483428
2.500000 4.330127 1.994838
0.000000 8.660254 2.462220
2.500000 12.990381 3.769533
0.000000 17.320508 4.159018
5.000000 -17.320508 3.193773
7.500000 -12.990381 6.560275
5.000000 -8.660254 3.844043
7.500000 -4.330127 4.399482
5.000000 0.000000 2.306426
7.500000 4.330127 3.447785
5.000000 8.660254 2.878799
7.500000 12.990381 9.229091
5.000000 17.320508 2.387710
12.500000 -12.990381 4.670428
10.000000 -8.660254 9.767596
12.500000 -4.330127 16.778318
10.000000 0.000000 8.480603
12.500000 4.330127 8.395933
10.000000 8.660254 8.087732
12.500000 12.990381 4.338519
10.000000 17.320508 1.954196
15.000000 -8.660254 8.355291
17.500000 -4.330127 3.393596
15.000000 0.000000 7.918391
17.500000 4.330127 4.396095
15.000000 8.660254 5.652606
####ControlPointIndex
6
####SpotTunnedID
1
####CumulativeMetersetWeight
216.708270
####Energy (MeV)
126.883337
####RangeShifterSetting
IN
####IsocenterToRangeShifterDistance
300.000000
####RangeShifterWaterEquivalentThickness
74.100000
####NbOfScannedSpots
51
####X Y Weight
-17.500000 -4.330127 1.744990
-17.500000 4.330127 1.793558
-12.500000 -12.990381 1.588877
-15.000000 -8.660254 1.908040
-12.500000 -4.330127 2.199450
-15.000000 0.000000 1.901102
-12.500000 4.330127 3.177754
-15.000000 8.660254 2.150882
-12.500000 12.990381 1.561124
-7.500000 -12.990381 2.973074
-10.000000 -8.660254 3.354682
-7.500000 -4.330127 2.591466
-10.000000 0.000000 2.768393
-7.500000 4.330127 2.327809
-10.000000 8.660254 2.442291
-7.500000 12.990381 2.313932
-5.000000 -17.320508 1.869879
-2.500000 -12.990381 2.313932
-5.000000 -8.660254 5.699837
-2.500000 -4.330127 3.635684
-5.000000 0.000000 2.862060
-2.500000 4.330127 5.120486
-5.000000 8.660254 5.016411
-2.500000 12.990381 3.215915
-5.000000 17.320508 1.540309
0.000000 -17.320508 1.956609
2.500000 -12.990381 2.591466
0.000000 -8.660254 4.648680
2.500000 -4.330127 11.045818
0.000000 0.000000 8.884529
2.500000 4.330127 17.658045
0.000000 8.660254 3.413657
2.500000 12.990381 4.010354
0.000000 17.320508 1.821311
7.500000 -12.990381 2.126598
5.000000 -8.660254 9.037172
7.500000 -4.330127 9.467349
5.000000 0.000000 13.016303
7.500000 4.330127 11.985962
5.000000 8.660254 6.567128
7.500000 12.990381 2.393723
5.000000 17.320508 1.720705
10.000000 -8.660254 3.389373
12.500000 -4.330127 4.319109
10.000000 0.000000 14.424784
12.500000 4.330127 3.066741
10.000000 8.660254 3.344274
12.500000 12.990381 1.817842
15.000000 -8.660254 1.602754
15.000000 0.000000 2.674725
15.000000 8.660254 1.651322
####ControlPointIndex
7
####SpotTunnedID
1
####CumulativeMetersetWeight
45.745146
####Energy (MeV)
123.793423
####RangeShifterSetting
IN
####IsocenterToRangeShifterDistance
300.000000
####RangeShifterWaterEquivalentThickness
74.100000
####NbOfScannedSpots
39
####X Y Weight
-17.500000 -4.330127 1.089086
-17.500000 4.330127 0.961375
-12.500000 -12.990381 1.145846
-15.000000 -8.660254 1.117466
-12.500000 -4.330127 1.514787
-15.000000 0.000000 1.067801
-12.500000 4.330127 1.234534
-15.000000 8.660254 1.160036
-12.500000 12.990381 0.908163
-7.500000 -12.990381 1.025230
-10.000000 -8.660254 1.138751
-7.500000 -4.330127 1.511239
-10.000000 0.000000 1.653140
-7.500000 4.330127 1.387077
-10.000000 8.660254 1.039421
-7.500000 12.990381 1.039421
-2.500000 -12.990381 0.922353
-5.000000 -8.660254 1.372887
-2.500000 -4.330127 1.397719
-5.000000 0.000000 1.834063
-2.500000 4.330127 1.468669
-5.000000 8.660254 1.131656
-2.500000 12.990381 1.081991
2.500000 -12.990381 1.089086
0.000000 -8.660254 1.160036
2.500000 -4.330127 1.415457
0.000000 0.000000 1.440289
2.500000 4.330127 1.067801
0.000000 8.660254 1.089086
2.500000 12.990381 0.936543
5.000000 -8.660254 1.096181
7.500000 -4.330127 0.979113
5.000000 0.000000 1.160036
7.500000 4.330127 1.103276
5.000000 8.660254 0.996850
10.000000 -8.660254 1.057158
10.000000 0.000000 0.989755
12.500000 4.330127 0.986208
10.000000 8.660254 0.975565
####ControlPointIndex
8
####SpotTunnedID
1
####CumulativeMetersetWeight
17.793368
####Energy (MeV)
120.647170
####RangeShifterSetting
IN
####IsocenterToRangeShifterDistance
300.000000
####RangeShifterWaterEquivalentThickness
74.100000
####NbOfScannedSpots
21
####X Y Weight
-17.500000 4.330127 1.023064
-12.500000 -4.330127 0.838696
-15.000000 0.000000 0.853156
-12.500000 4.330127 0.806160
-15.000000 8.660254 0.802545
-10.000000 -8.660254 0.874847
-7.500000 -4.330127 0.878462
-10.000000 0.000000 0.827851
-7.500000 4.330127 0.900152
-10.000000 8.660254 0.817006
-5.000000 -8.660254 0.770010
-2.500000 -4.330127 0.795315
-5.000000 0.000000 0.849541
-2.500000 4.330127 0.849541
-5.000000 8.660254 0.831466
0.000000 -8.660254 0.733859
2.500000 -4.330127 0.845926
0.000000 0.000000 0.835081
2.500000 4.330127 0.882077
0.000000 8.660254 0.907382
5.000000 0.000000 0.871232
####ControlPointIndex
9
####SpotTunnedID
1
####CumulativeMetersetWeight
0.870677
####Energy (MeV)
117.440643
####RangeShifterSetting
IN
####IsocenterToRangeShifterDistance
300.000000
####RangeShifterWaterEquivalentThickness
74.100000
####NbOfScannedSpots
1
####X Y Weight
-7.500000 4.330127 0.870677
